ID	Raven	CF	Color	Big	Small	Woval	Wrec	Boval	Brec	Color4	Color8	Woval4	Woval8	Wrec4	Wrec8	Boval4	Boval8	Brec4	Brec8	DigSym	RedBlueAccuracy	RedBlueRT	RedAcc	RedRT	BlueAcc	BlueRT	g	Slots	Resolution	SpeedDigitRedBlue	SpeedRedBlue
3	11	14	1.69	.27	2.11	0	.55	2.22	2	1.63	1.75	.33	-.34	-.59	1.69	2.19	2.26	2.19	1.81	67	1	519.04	1	376.16	1	458.66	-2.8259	-1.27914	-.82208	-2.21255	.68343
4	24	27	4.56	.12	4.92	-.37	.61	4.63	5.21	3.88	5.25	.01	-.75	.47	.75	3.57	5.69	3.85	6.57	72	1	359	1	339.64	1	359.17	.28506	1.61282	-1.32716	-.20727	-.60036
5	12	18	3.56	-.83	2.84	-.49	-1.17	2.58	3.09	2.88	4.25	-.26	-.72	-.85	-1.49	2.82	2.34	2.93	3.26	85	1	466.14	1	476.88	1	454.14	-2.20692	.08251	-2.17552	-.86312	1.53839
7	21	28	3	1.15	3.88	2.05	.25	3.49	4.26	3.25	2.75	2.39	1.71	.5	0	3.11	3.87	3.61	4.91	95	.98	514.31	.98	478.89	.98	514.41	.07338	.34752	-.335	-.98343	2.13674
9	25	29	3.38	-.02	4.51	.48	-.52	4.41	4.61	3.25	3.5	.93	.03	-.18	-.86	3.04	5.79	2.91	6.3	77	.94	376.06	.98	326.94	.89	378.55	.65093	1.01245	-1.53909	-.18862	-.52709
10	27	33	5.25	2.45	4.52	3.1	1.79	4.04	5.01	4	6.5	2.71	3.49	1.95	1.63	3.71	4.36	3.67	6.35	99	.99	402.12	.98	422.86	1	402.15	1.38265	1.38348	.94753	.44302	.55586
11	17	31	2.19	.39	2.9	1.59	-.8	2.69	3.12	2.38	2	1.17	2	0	-1.6	2.97	2.4	3.56	2.69	86	.99	466.1	.98	481.19	1	457.44	.00207	-.46062	-1.02805	-.82069	1.60865
12	24	33	5.38	-.02	5.54	-.43	.4	5.37	5.7	4	6.75	0	-.86	0	.8	4	6.74	4	7.41	76	.99	372.29	1	385.68	.98	361.44	1.04441	2.3274	-1.5453	-.18834	-.16782
13	22	30	2.5	-.66	.79	-1.71	.38	.8	.78	2.5	2.5	-.39	-3.03	.67	.1	1.08	.53	.67	.9	87	1	398.16	1	386.19	1	386.16	.43925	-1.79042	-1.5383	-.0166	.07477
14	23	30	2.63	1.19	3.92	1.17	1.2	4.3	3.55	2.75	2.5	1.27	1.07	2.28	.11	2.7	5.89	3.48	3.61	67	.97	441.27	1	341.32	.95	419.54	.55199	.13123	-.10894	-1.34015	-.00402
15	14	22	1.25	.05	.63	.78	-.68	1.18	.08	2	.5	1.1	.46	-.09	-1.27	1.43	.92	.48	-.32	91	.95	450.52	.96	420.02	.94	448.82	-1.47519	-2.31625	-.98088	-.43595	.98001
17	20	17	3.13	1.46	3.42	2.06	.86	3.76	3.09	3.25	3	1.99	2.13	1.11	.62	3.63	3.88	3.78	2.39	91	1	498.44	1	506.74	1	498.7	-1.4315	-.00444	.14332	-.97341	2.23391
99	20	25	4.06	.09	5.33	.31	-.13	5.14	5.53	3.88	4.25	.86	-.25	.25	-.5	3.86	6.42	4	7.06	79	1	389.2	1	374.13	1	386.43	-.41904	1.7657	-1.49606	-.25206	-.03024
201	30	37	4.06	2.49	3	3.03	1.95	2.98	3.02	3.38	4.75	3.12	2.93	2.15	1.74	3.21	2.76	2.55	3.49	74	.93	477.75	.93	525.73	.93	482.87	2.22713	-.07705	1.22806	-1.45531	2.25086
202	23	25	4.56	4.18	4.68	3.7	4.66	4.45	4.91	3.38	5.75	2.81	4.59	3.13	6.19	3.08	5.82	3.63	6.19	76	.92	394.74	.94	331.89	.9	393.63	-.0808	.89834	2.90591	-.44014	-.3377
203	28	27	2.69	.38	3.44	.55	.21	3.8	3.08	3.13	2.25	.13	.97	.65	-.23	2.63	4.97	2.67	3.49	63	1	350.03	1	369.06	1	348.94	.73605	-.03994	-.91264	-.48471	-.4365
204	22	26	3.94	.81	4.81	.44	1.19	4.46	5.16	3.88	4	.58	.29	.5	1.89	2.95	5.98	3.43	6.89	70	1	453.35	1	400.37	1	450.24	-.06699	1.23489	-.61296	-1.34971	.81837
301	24	25	3.25	3.16	3.38	4.47	1.84	4.26	2.5	3.25	3.25	3.61	5.33	3.03	.66	3.47	5.04	3.03	1.97	74	.96	341.67	.98	401.05	.95	344.45	.03195	-.18242	1.84935	.07115	-.19438
403	18	29	3.25	1.66	2.84	1.85	1.47	3.15	2.53	3	3.5	1.13	2.57	.05	2.89	1.78	4.51	2.77	2.29	84	.92	404	.95	397.22	.88	404.63	-.1383	-.40307	.47178	-.20806	.35105
404	26	26	2.81	-.15	2.28	.14	-.43	1.63	2.93	2.63	3	.82	-.53	-.37	-.5	2.49	.78	2.81	3.06	75	1	349.17	1	359.47	1	347.74	.384	-.63058	-1.42331	.02894	-.53354
405	25	24	3.44	1.8	3.67	.65	2.95	3.12	4.21	2.88	4	.71	.6	2.66	3.24	2.27	3.98	3.27	5.15	80	.97	436.02	.95	446.78	1	435.81	.01814	.11385	.63883	-.7353	1.09341
406	18	24	3.81	1.99	4	3.62	.35	3.93	4.08	3.63	4	3.2	4.05	1.57	-.86	3.47	4.39	3.41	4.74	95	.94	316.12	.98	361.23	.9	313.97	-.77109	.65494	.43579	1.23974	-.84307
501	21	20	1.94	.11	2.22	-.25	.48	2.18	2.27	2.38	1.5	-.23	-.27	2.05	-1.1	2.06	2.3	1.98	2.55	63	.99	372.46	.98	378.27	1	375.3	-.93908	-1.09737	-1.00017	-.73628	-.10048
502	14	21	3.69	.41	2.32	.56	.26	1.9	2.74	3.88	3.5	1.42	-.31	.61	-.1	2.2	1.6	3	2.49	96	.98	354.23	1	369.62	.95	352.12	-1.60175	-.3904	-.82103	.85418	-.40086
503	22	26	3.31	1.96	4.26	3.14	.78	4.8	3.72	3.88	2.75	2.51	3.77	1.98	-.41	3.55	6.06	3.48	3.97	93	.99	349.37	1	322.18	.97	351.47	-.06699	.58863	.49639	.78271	-.83022
504	22	20	3.38	2.71	4.19	2.35	3.06	3.93	4.44	3.5	3.25	2.84	1.87	2.91	3.22	3.51	4.34	3.01	5.88	107	.98	383.66	1	368.13	.95	384.45	-.82634	.36314	1.42803	.98607	-.10281
505	22	23	4.56	2.65	4.03	2.24	3.06	3.43	4.63	3.63	5.5	2.33	2.14	2.28	3.84	2.75	4.11	2.89	6.37	101	.95	407.95	.95	407.29	.95	410.78	-.44666	.70035	1.35779	.46158	.50012
701	 	20	2.69	2.52	2.51	2.64	2.39	2.4	2.63	3.13	2.25	2.43	2.86	1.63	3.16	2.33	2.46	2.65	2.62	71	.98	372.96	1	386.36	.95	363.92	 	-.92262	1.37522	-.40589	-.13789
702	18	27	2.56	.89	3.05	1.12	.67	3.07	3.03	3.13	2	1.04	1.2	1.35	-.02	3.42	2.72	3.1	2.95	96	.99	381.3	.98	396.6	1	381.55	-.39141	-.39118	-.37432	.5506	.12326
703	25	30	3.69	.08	5.1	.21	-.05	4.55	5.64	3.63	3.75	1.59	-1.17	-.11	0	3.37	5.74	3.27	8	87	.99	420.2	.98	401.12	1	419.49	.77749	1.48423	-1.497	-.26384	.5289
704	21	29	3.69	2.53	2.55	1.78	3.28	3.15	1.94	3.63	3.75	1.22	2.35	2.57	4	2.48	3.83	2.54	1.33	85	.92	362.84	.91	321.68	.93	355.26	.19994	-.64965	1.56746	.29563	-.79818
705	15	29	3.94	1.45	4.56	1.63	1.27	4.67	4.46	3.63	4.25	1.64	1.62	1.43	1.12	3.45	5.88	3.61	5.31	93	.84	346.62	.94	316.24	.73	344.83	-.47654	1.01325	.0351	.81354	-.94717
706	29	31	1.94	.49	1.55	-.56	1.53	1.41	1.68	2.13	1.75	.56	-1.67	.63	2.42	1.9	.92	2.09	1.27	51	.92	434.11	.93	503.37	.9	414.97	1.35503	-1.64589	-.44759	-1.93187	1.39748
707	20	25	2.81	2.39	3.8	1.82	2.96	4.99	2.6	2.88	2.75	2.17	1.48	2.88	3.05	3.5	6.48	2.54	2.67	74	.98	424.76	.98	393.45	.98	412.75	-.41904	-.1273	1.30117	-.86092	.3956
708	16	24	2.44	1.79	3.09	1.95	1.62	3	3.18	2.88	2	2.08	1.82	1.47	1.78	2.94	3.06	2.8	3.56	96	.86	302.28	.93	306.03	.8	303.95	-.99658	-.53046	.54931	1.43699	-1.43202
751	17	31	3.19	1.73	2.76	1.87	1.58	2.44	3.09	3.38	3	2.01	1.74	1.06	2.09	2.14	2.74	2.49	3.69	74	.99	362.54	1	344.62	.98	350.9	.00207	-.46141	.50193	-.16302	-.63562
752	15	21	3	.44	2.54	.91	-.02	1.49	3.58	3.5	2.5	2.55	-.73	1.2	-1.24	3.27	-.29	3.74	3.42	93	.93	283.17	.98	297.96	.89	280.38	-1.489	-.44675	-.90217	1.5253	-1.73098
800	30	29	2.75	.51	1.88	.66	.37	2.08	1.68	2.5	3	1.33	0	.1	.63	2.61	1.54	2.17	1.19	85	.98	440.1	.98	396.82	.98	441.73	1.21466	-1.05615	-.60199	-.57097	.70468
901	28	31	4.94	2.24	2.96	3.17	1.31	2.93	2.99	3.88	6	2.48	3.86	2.39	.22	2.74	3.12	3.2	2.78	118	.92	277.64	1	263.11	.84	273.54	1.24228	.27461	.91582	2.6374	-2.10769
902	23	32	3.94	1.2	3.17	1.38	1.03	3.22	3.11	3.88	4	.89	1.87	1.85	.21	2.98	3.47	3.73	2.48	99	.98	352.03	1	316.69	.97	341.37	.80511	.12813	-.06014	1.00484	-.97653
903	28	28	3.19	1.97	4.36	1.95	1.99	4.15	4.58	3.38	3	.86	3.05	2.51	1.47	3.66	4.64	3.31	5.85	72	.91	314.29	.94	278.76	.88	316.1	.86261	.53996	.60111	.29423	-1.55825
904	22	21	1.06	.9	1.01	.03	1.76	.03	1.99	.63	1.5	-.63	.69	.26	3.26	.59	-.52	.98	3.01	72	.96	493.44	.98	453.87	.95	494.81	-.69978	-2.316	-.05124	-1.71538	1.72479
905	32	28	5	.2	5.71	.43	-.03	5.64	5.77	3.75	6.25	.25	.61	.4	-.46	3.89	7.39	4	7.54	57	1	365.5	1	359.35	1	366.54	1.3136	2.32567	-1.4204	-.91014	-.35361
906	21	29	3.06	.67	2.16	.47	.87	1.44	2.88	2.63	3.5	1.37	-.43	.85	.9	2.3	.57	3.18	2.58	81	.98	413.9	.98	354.7	.97	376.66	.19994	-.77258	-.50054	-.44513	-.29766
907	26	33	3.81	1.7	3.43	1.64	1.77	3.25	3.62	3.88	3.75	2.16	1.11	2.87	.68	3.43	3.07	3.52	3.72	96	.96	351.46	.98	325.87	.95	352.37	1.26991	.18168	.441	.88531	-.78873
908	13	18	3.13	2.94	3.23	3.19	2.7	3.02	3.45	3	3.25	2.63	3.75	3.31	2.09	2.96	3.09	3.2	3.69	118	.98	403.25	1	370.04	.95	405.42	-2.09417	-.33664	1.70474	1.22836	.11624
909	24	28	3.44	2.58	4.1	2.59	2.57	4.23	3.98	3.38	3.5	2.85	2.33	2.66	2.49	3.52	4.93	3.21	4.76	102	.99	392.14	.98	353.09	1	392.45	.41162	.36398	1.28726	.681	-.15992
910	19	24	3.69	.32	2.17	.38	.26	2.41	1.93	3.38	4	-.08	.84	.52	0	2.48	2.35	2.82	1.05	62	1	404.56	1	427.98	1	393.95	-.65834	-.50986	-.82756	-1.13838	.52256
911	15	20	2.94	1.23	3.78	.89	1.57	4.12	3.44	2.63	3.25	2.57	-.8	1.3	1.85	3.19	5.05	2.73	4.15	74	.99	403.33	1	356.41	.97	402.85	-1.61556	.11708	-.00423	-.62051	-.03009
912	23	30	2.88	2	3.03	1.95	2.05	2.41	3.66	3.75	2	1.51	2.39	1.59	2.51	1.99	2.83	2.52	4.8	64	.96	382.46	.94	383.06	.97	378.94	.55199	-.43683	.76065	-.80641	-.02264
913	15	27	2.31	1.04	1.59	.23	1.84	1.5	1.69	2.13	2.5	.6	-.13	1.7	1.98	1.14	1.87	2.61	.76	91	.99	360.51	1	343.93	.98	330.61	-.72965	-1.53855	.08402	.57381	-.83713
914	19	26	3.25	1.05	4.04	1.66	.43	4.16	3.92	3	3.5	1.23	2.1	.54	.31	2.83	5.48	3.24	4.6	94	.82	370.36	.87	373.34	.77	374.5	-.40523	.51366	-.3816	.58932	-.15212
915	30	32	4.56	.08	5.6	.28	-.13	5.58	5.63	3.88	5.25	0	.57	0	-.25	4	7.15	3.5	7.75	78	.99	379.5	.98	370.47	1	379.1	1.59434	2.11334	-1.52591	-.18519	-.13353
916	23	25	2.94	-.11	1.79	.31	-.53	2.02	1.56	3.63	2.25	.57	.05	-.76	-.29	1.8	2.25	2	1.11	97	1	406.74	1	395.24	1	401.27	-.0808	-.94262	-1.27133	.30715	.30103
917	26	37	3.44	1.57	3.02	2.35	.78	3.41	2.64	3.38	3.5	3.67	1.03	2.44	-.87	4	2.81	3.07	2.21	100	.95	334.29	.98	355.29	.92	317.55	1.77614	-.15658	.27414	1.24593	-.86166
918	22	17	2.56	2.63	3.4	3.28	1.99	2.68	4.11	3.38	1.75	1.94	4.63	1.71	2.26	3.05	2.31	3.84	4.39	86	.98	369.38	.95	423.63	1	368.73	-1.20601	-.33264	1.26787	.26422	.24082
919	24	28	1.88	.47	2.51	.94	0	2.34	2.68	2.75	1	1.4	.47	.67	-.67	1.8	2.87	2.4	2.96	61	.98	369.15	.98	406.35	.98	366.15	.41162	-.90641	-.7957	-.78314	.06186
951	26	34	3.69	1.23	3.41	.57	1.89	3.18	3.65	3.38	4	.43	.71	1.78	2	3	3.37	3.63	3.67	76	1	338.7	1	355.87	1	338.94	1.39647	.14168	.03257	.18847	-.65044
952	18	24	2.56	.96	1.42	1.31	.6	1.11	1.72	2.13	3	1.29	1.33	1.8	-.6	.89	1.33	2.27	1.18	61	1	529.35	1	582.42	1	492.9	-.77109	-1.44847	-.16136	-2.58014	2.85312
953	20	27	3.13	1.59	4.38	1.57	1.62	3.68	5.08	3.25	3	.46	2.68	1.73	1.5	2.91	4.45	3.86	6.3	73	1	321.74	1	337.45	1	319.04	-.16592	.60076	.16627	.25271	-1.00633
954	22	28	3.38	1.49	4.09	.94	2.04	3.47	4.7	3.75	3	1.23	.65	1.98	2.1	3.16	3.78	3.58	5.82	119	.97	391.86	1	364.85	.95	381.81	.18613	.46249	.17397	1.39814	-.15745
956	16	26	 	 	 	 	 	 	 	 	 	 	 	 	 	 	 	 	 	113	 	 	 	 	 	 	-.74347	 	 	 	 
957	20	25	3.13	2.09	3.4	2.33	1.85	3.54	3.27	3.25	3	1.75	2.9	1.33	2.37	2.94	4.15	3.02	3.51	84	.95	341.42	.95	326.19	.95	341.03	-.41904	-.12305	.82948	.4939	-.89509
958	25	22	4.38	2.45	4.77	3.84	1.07	5.11	4.42	3.75	5	2.76	4.91	2.49	-.36	3.53	6.7	3.33	5.51	87	.99	406.29	1	349.37	.98	358.87	-.23498	1.25785	.89386	-.10782	-.51646
959	24	29	2.56	1.16	2.82	1.15	1.16	2.61	3.03	2.88	2.25	1.36	.94	.29	2.02	3.59	1.63	2.19	3.87	56	.93	299.89	.98	316.74	.89	297.78	.53818	-.58603	-.06111	-.21621	-1.39581
960	29	29	5.38	3.77	4.97	5.5	2.05	5.85	4.1	4	6.75	4	7	2.88	1.21	4	7.69	3.77	4.43	96	1	283.81	1	298.13	1	283.35	1.10191	1.57716	2.22814	1.64417	-1.70087
961	31	32	5	1.15	3.32	1.44	.85	3.29	3.35	3.75	6.25	1.22	1.66	1.04	.67	2.41	4.17	2.86	3.85	93	.95	401.09	.94	376.85	.96	402.31	1.70708	.63018	-.16664	.20261	.14694
962	25	27	4.13	.43	3.76	-.48	1.35	3.6	3.91	3.75	4.5	.53	-1.48	-.36	3.05	2.91	4.3	2.46	5.36	86	1	420.86	1	420.18	1	408.59	.39781	.60717	-.79273	-.31315	.59405
963	24	28	4.63	1.22	2.07	.62	1.82	1.51	2.62	4	5.25	1.54	-.3	2.18	1.46	2.21	.81	2.83	2.42	78	1	330.64	1	356.55	1	328.51	.41162	-.39199	.1413	.36281	-.74475
964	14	24	3.75	1.68	2.88	2.2	1.15	2.66	3.09	3.25	4.25	2.64	1.76	1.21	1.09	2.96	2.36	3.37	2.81	99	.99	468.84	.97	434.68	1	474.92	-1.22208	-.15362	.39138	-.30538	1.36202
965	21	27	2.31	1.33	2.06	2.02	.63	1.61	2.51	3.13	1.5	1.19	2.85	2.4	-1.13	1.24	1.97	2.24	2.79	89	1	480.1	1	501	1	483.25	-.05318	-1.13019	.08971	-.8517	2.03389
966	29	25	3.19	1.31	3.54	1.47	1.16	3.34	3.74	3.63	2.75	.8	2.13	.67	1.65	3.36	3.33	3.36	4.12	64	.98	354.93	.98	332.15	.98	354.22	.59568	.10339	-.00825	-.49763	-.7148
967	20	26	1.56	.86	2.75	.96	.75	3.03	2.48	2.88	.25	.18	1.75	1.08	.42	2.74	3.32	3.55	1.42	94	.99	354.43	1	371.97	.98	352.04	-.29248	-.95636	-.33272	.76799	-.38061
968	24	26	4.5	1.47	3.57	1.36	1.57	3.25	3.88	4	5	2.73	0	2.07	1.07	3.3	3.2	3.67	4.1	86	1	384.8	1	398.17	1	381	.15851	.54935	.16926	.09133	.13198
969	21	24	3.25	2.08	3.56	2.93	1.23	3.53	3.6	3.25	3.25	2.78	3.08	.97	1.49	2.76	4.3	2.79	4.41	93	.99	343.13	.98	372.84	1	342.88	-.43285	.08599	.69977	.85271	-.46111
970	22	26	3.63	.34	3.28	1.12	-.44	2.35	4.2	3.75	3.5	2.62	-.39	-.27	-.61	3.38	1.33	3.33	5.06	104	.96	339.42	.98	342.14	.95	338.23	-.06699	.29765	-1.13282	1.35638	-.77978
971	22	27	3.63	.88	4.13	2.15	-.39	4.35	3.91	3.75	3.5	2.22	2.08	.08	-.86	3.3	5.4	3.77	4.05	102	1	445.77	1	432.88	1	446.11	.05957	.78209	-.64831	.07935	1.06853
972	24	30	4	1.72	5	2.77	.68	4.78	5.23	3.5	4.5	3.24	2.29	.28	1.08	3.86	5.69	3.78	6.68	116	1	358.75	1	361.33	1	360.04	.66474	1.37275	.11266	1.64349	-.39849
973	 	23	5.25	2.25	3.57	2.1	2.39	3.62	3.52	4	6.5	1.09	3.11	3.08	1.71	3.24	4	3.43	3.6	73	.97	338.88	.98	391.4	.95	338	 	.69155	1.01104	.06038	-.3425
974	26	31	4.06	1.14	3.06	.75	1.53	2.52	3.6	3.38	4.75	1.2	.31	2.42	.65	2.84	2.19	3.65	3.56	106	.98	330.38	.98	360.71	.98	329.71	1.01679	.08928	-.08086	1.54176	-.69605
975	26	26	3.88	.49	3.81	-.08	1.07	3.87	3.76	3.25	4.5	1.3	-1.46	.32	1.82	3.48	4.25	3.2	4.31	89	.87	314.03	.93	311.59	.82	307.03	.384	.56553	-.76534	1.01121	-1.35273
